$ANSIBLE_VAULT;1.1;AES256
66336232316230363731653737633662353236663637396439333736343536666337333831363830
3334356662393261336534366630653237653936633138310a383130373134343563333739636139
62333530656634316134623166653832643266643066363835323664393230616431386431343231
3436396638626662380a303564333662353534306433316234383562383538366130656535383933
31366435666264646162616663663063643235383632313134613338663365616133363662663764
35373933643535376334663739663266663131343962623135643031613066306264623665343961
36643830326566613331646663363834313539336136643737336561353363366164613064356534
34363936656235356433626434333262316463613532383461646336336362643731383261353864
31353930646334373837616337633166343436636535326563656431646333303530626438316165
36613139383566323930633132316535366234393666323761616263393439383061303930343663
37313861633231663838633765356435343132393461613937356338343364653831343038333235
39333238656664333037643337376565343731366534343363376665623234616339306564346165
35663136363764376632386464656463373066333530646364353230313436623661346262313731
38313362666466383536616434353435663665653138333936623962333838656431333838653638
31346231646331383939326239636461316465336234373664356533386536343531363533373261
38323138653362323635653964643333393937356663663531623336636330633633316135353362
31663830333137653534633230653562383534346538326439636535613863373663306332313439
36386362393565393536326236623538316131616533656565646366356662373231313232373232
36653038356666626263613137373065633162323761346631623339373730343336323636313933
30323966333734343165613031396563616665326564313861326632613861396331326134616566
38366164303563376134336365343164303536343236396661333135666664353039336430363735
36633632383432393736633531616531366362366533326336616635626136393737343566373036
61623364303339653336366633336238323137666436303931643361316162336566303537626233
64383634336161636138346161613132663862376533646434643730306131303862393663633133
36326564643533303832333964303733363965356264303339613465613539383966313465366436
6364353163383666646337356335666533666361323065616336
