$ANSIBLE_VAULT;1.1;AES256
33313465653937646566323437363931376461643463346163613039333036376434343735626665
6437663339363765613264646266373430633339343832380a313636333330373633306463343636
39336437623439323766616233663061316662323231626461663432313462626661323532613036
3462313661666535640a643664663364383661653962393334373962346234303633383734613866
66326531396662373034346334623336383662383931646366383463646330363138636565346362
33363661663961613739633265353535333866316162323364393238326435393138336239643333
38363965313535303133353263353963353262353539623938613664663837616564663066376530
39343161323139616662343562636464313636396133346265333565663864663963386338336466
61343035333337353332393631366166643539336562363036326561623934343465373331633763
65646363616566663634386561616635643132383637643038616136663364396433656132393031
36343438353261363130343866313965373162353937383664653563396530396636313566346234
39623161636536633236366437643630303661636236653436353065313734303264333163393236
30663834316463356338643563333939366364643533313735326631653261663364653061656664
66313832343264383666623364323062383538643438303765303537383763646265376661303436
65326466353833383362396333663635303938633035653963623330663733303061326361633963
37613661636638396535643933656261613234613537396333633564663233326361306631653330
39326136363834333765346164336136626337313038376631353937376463366461393763303039
63653864326233636134343863333636393432333764366136386139376165303566646634383739
33666639623834303731303231396636323036386664323630326138633838376138653366636266
34336634333334623062303239366433336534626636633334303436356336613065393662333561
35613732326135613739303163396234303631336233666463353937306261613138333733633436
32656162353834303237333039653930623331623164383061613762623331636166636631646430
34303630663534656363353765303034616439646461663565643766356434333933393834326531
62393535316666613033313831646261366438323431366637623731666437376464633962346563
31313531613934376161363531303765333763613961353064353562656562333833643264383937
30643738623964313330393063633261333164643930323334663937636262356564633335613635
38613733626630623632373433326430626532663837663366626431353764326636363638353531
30353132353862303733626165616135643832346137366164376164626534313433323635346133
31383162343265613032383063383731636632376632393364393164353139613962623366303163
34353932383265313338316630643738653436303763653230613033626432653862636533306136
35353635643337373037623362326161303364356661393134363932383961613933613463303863
62653932383037633766663131313833363366363839656565353735356166626165306464336366
36306665633939356166666366663639343266346565363431386163336130653436346233373434
34386639363861366562643564316130313630666234363266666632663463623866396433623163
31343762356639376335663164623134633066303863656231303335313333336535333866363535
31316163636235343263653235313639643634313030343130313662633135643936623239616533
63343836306334303866646262333531663532386665353834643530393837323332323065633037
31393731663666316430306530396536376235393962386132363336623537336165316338383930
66316366653132343337643733333864303536393865353833346531376638346132306562613930
30643937306235323935303832653131653336303836346264646261353537643865343066663331
62653363396436346466626538366332373164396530653238356261616538616631393735386662
37653032346263343236653632383032663163346261393637363365653764383932633563336438
39396362653835343439313331306165626532386263396661383535636263313539623939393734
64316435346637303139303331353433646138333064666561646333623237343935656637356463
63663262326264376133303731353037383438646335613234393830633237356530656261663734
63326632656361663964636264303938393236663336326361323530663437396231626263326566
32363930616561663139326438316563666135363832386466386230356662373730326137636538
65663662666561333661383636303333636638626162646165366532636637383535373831616637
61353961306134666336316364616262353033383136663164373564616535623764663864393233
30336531333136623736613961666363373134383862616262346661333061373463633235643034
33653761636665646161336562323432383732656163623964666463613862613434396537613563
32323935343265653861653531376162383362663063666666386261663832306638303564326138
33336163373864313966363733353736616237636633313033326135626561313734343739303436
61633531663863336137626632333837376661383532313465323362383432343331626464613933
61616137353930343864373136613066373031636630336537333164643838323938363231646234
38386131306664383333613330336561626439663730343033386636643836636333653531373463
39316364393265396162343335363164353433333335643865666138383661376338376638373933
36313430653064336538333935663762393963386137323364366130626231663931363936663539
36626139366639633365366666653661363034333833626637373861633466323865346635386464
64303433626532396365393465616464383666373932646330326530363237383832623738613330
63383562643239396635326464643562636335306161373964396364303263346466636439303135
34633161626338646333343434623732666630373963616231366561383163616665316636653532
61303136643133393130626463366136383462663838323431303235616362333665393262373038
65366464323464326233613464653431336261333466613362313161373437646438393230653535
32613333663737333737666130363634396461343735303164626537326565376235663539386130
65363934383466346461316234623032356135666263343761363535383864336466653934346663
35336337393037373565316436356634663261383564313636643666613765376531623765363234
35316461336166356161643835333931326533313939363262323835643134663232346566663261
63336231346666626630356334323364636561303261613965353238643736306433366136313737
63643730306562363834616334666331343933613231316337376365616137616430623236313038
34373536656262666665396235353963333363623635633939626435663132353839366430626434
63643733393965363237333032346430306334353962313130376333383561356163356537316561
65333530336134323265643664396264653165396532656630316461313738376665323965376364
32393030663839346231626463343138393866313461313730663264386236356433663238346462
39376233323637383637336165373430656431316330616634316336343737393561313734653966
33376638393463386634623966333763653230363830636133353663363330646635383233376266
34343736653132316666633632323534366366393439653166653039306437336630373461653433
37363266643434353930353863623165366336343763653532613066393335663034396664333530
63663233306464643565353161613665343961633765623531646463323632326435613065363030
33613961353935646562313965616431633331373731343334646263343435313934373833313831
34333439613637353837343265346130616164643364396136633362336361616563633330636232
65663262616135643264383435656534646630613730386433353661336336333634313266643964
63653238346236346333663731323364623530313136313566343934373439386635313562616430
36653830386562363432613961633831646264396338653063383263363733383438386666643565
66623232343530643161346366616361616261643938373038613832626266616236613935616236
63323562373966326463643933613661656666626237363963633738356265383036626533363532
31383331363635623830363631303638363339373762653932396136653932643362666663666330
31666562363336646534643639393438386166373565356364643965316133626463393237643936
66363366653933313738353561343837386138393436316634356631326539366263653332383830
33363333653135356333353666326363666137663839336135316633373439663135663133313439
36616661623962363936326630343734653237623435353234306433363838323463623032313430
64313065626435626363633639313363666137663133383537646538343061383536336433373366
31646461653239653237353135383931636261663362656362366264393135623334656330663830
61643466356637643362623137666364323632326132386631373737623535656565613265313639
66353464623930303939616532353261353637656265656335303837316233663930316133313034
36613565656430666234343236333533316636343763393466363631313362346633623438373732
36373138303438393034326262666137666163663665393436653030356662383438386632643735
64656337616234623861656634613930343666633231306239313463326636316535386661643536
39333865636434323339343530613938633665653333353462356536376665333734623930656538
32616239353731623037363838306463366630373463363161656432343636393430383835353238
61653533613538363732343565666639346464333162303636366563366538393437663964343162
66386561316465396164323331613361653562613861343261616364636263666162323430636264
66613165303934333063306363363462636462386236363062393131393133386336626465373334
61613637313138363532326466353063633664396631383861303737383232336437323034376461
62633563613633356264343863336263356537636239646638666334653361373033646236386333
35306632623062643036613437353139383632623563303431396135343837366539306462353061
65353037333136383639616433626439656531396134633362636538313463356435666233653933
39333263633762353336623862616232376132636337376264663762363162346632353135653866
34333437303637316531313435303565633736326237363031666133316534396438356561363736
37363334313236623530316238656666613935663862623561333339616462633461313532396536
65386135623463356463343135363861636139663232326165663230643665363966333366323235
37303037666163323665336138386163343935336239356530306335386162336636333530633734
30353031353466363635353637356432326234613137373531623039663561636537313931336139
61646534623064316331386665333639663261313662663865663734616463613564356330656437
66333938363430316635623939346166393663633837303363653630373663326637303733303134
61396531303931383334316437373061326561616230343837306330386535353933376666303839
34623633393365663930353834633462366265613331613339626531313634356432333862376564
61626131336339666433373537623863353632366639396230336132393535383338393035663533
63383366643837383561323536303565633536623134336233323966333235653635656537396531
38636561313861356539323233366561393431396533326138616163323933386163633665353765
31663861643163326563643938663337343637643262666564303137393362323238633261323632
35636537353039346639633164653738336463353136643139616463343761363034663538613465
37353534303839363333313639613738613535633561333637313032373631633732343330623563
65373163303337356639643135326237306334633665393733653439356164333165626639336130
35393330393137383065336633653835306638653630353238633064376362613861616230333565
38303166616462656139376234376432373430393037656532363138303163393961366330363434
34616233353937653833393430343966343035633233356266663262656135666166613438323531
33363666363132363135663733316139653233633135386132383634303263333033636435343130
64396462666363646333643663353038356531653839383834643532333337616532393037623436
33393662663261366663306661616138326335656165393033656230383165373463653630373838
61323932356637343739386562386134376133363962363861313765303231626338376335656465
31613433633764396333396332633861376430663631376661626337346333656239396230663563
62363237373231366536386162326339656239333064646633383231303331613138343439643366
64376634646562316162633934333735616438643835393261623731386161616366336661313938
64666432376262663531363735336461353138303066313233643834313362613538306165346431
66313764393366323733393661353464383734323166396231326330396664393035353034653061
35623233313432653964626464663337326361396530316532656564616336663832613361323238
62626162616466383533666263343032643061396261323738613937356365366265636138666261
39343633353633353936376263366662323638623265313939313166623734313261663034313633
31636464643730323039336566383062326433313138613337386362303639383561343166333638
32343863316361303863353337343163343533393730623162323962396139383939316333313833
34396466663836333634386130303536663665656336366132633930303636663264356233326138
64653031393164323537656336386132616137346535616338613237643737633139373037333030
63363062633330363432316138373164633431333137616662323639656538333063353234393762
30303062313231343238616661333733623136626438623038623539353031656336363063353831
63386564623631323431363639653633653438636431346365386163323366613534393366656533
31666238643162386639656235323439366464316564363163323133613635613864623930363334
61326138353863633765386366363435333132303439303339346364333939363139366134613834
37613663393764376230383565663030363838303864616239386330303631363133333934306437
30376365306162313332613732616339306562656265643733326232393838623731323630623432
38643332316432363563333739353639363636646566616565656261616138623034333730376364
62363436666336323739396463303233323735383164373636323634616635326338643563383765
65333637373764383333343032316166353661303266666235383562333764646663643336313334
39373437346131643366316639326562313131386235363532303638316332343136643433383663
64386238623430393836623531656636613166306234343364306331636666306330336266363131
34333133303862616235626666656633643161393565623734333061363137633238333434376631
61663064346661383232636264316337323364656532303535616665643037316136633464636631
30336362386232656662616565316163346566663235646435316665333666363963333739643366
65663339373665666338323931663031313735313633306435646265633239393365373438633635
66316535356264623561633738396666396433616566646333333336303033343535653361633133
66646534356632616561333234386630326337643462623038336466616666343232326538313664
62613865343762636462376162363930623066326135393536393730626239393364663064386665
633435373639383038346261316137663634
